          26           1
          29           1
          37           1
          41           1
          44           1
          47           1
          51           1
          54           1
          60           1
          73           1
          82           1
          90           1
          93           1
          96           1
         101           1
         105           1
         123           1
           6           2
          15           2
          16           2
          18           2
          24           2
          26           2
          27           2
          29           2
          58           2
          70           2
          85           2
          86           2
          87           2
          92           2
          93           2
          94           2
          95           2
          96           2
          97           2
          98           2
         105           2
         116           2
         122           2
         123           2
         126           2
         127           2
           3           3
          11           3
          12           3
          13           3
          15           3
          16           3
          30           3
          41           3
          43           3
          69           3
          85           3
          88           3
          93           3
          94           3
          95           3
          97           3
         103           3
         105           3
         109           3
         113           3
           2           4
          11           4
          12           4
          26           4
          43           4
          44           4
          48           4
          81           4
          87           4
         103           4
         113           4
         115           4
         127           4
          10           5
          33           5
          40           5
          42           5
          48           5
          58           5
          59           5
          77           5
          78           5
          88           5
          93           5
          97           5
         104           5
         105           5
         124           5
         128           5
          12           6
          15           6
          19           6
          20           6
          36           6
          49           6
          50           6
          59           6
          80           6
          82           6
          88           6
         123           6
         124           6
         128           6
          15           7
          55           7
          88           7
          92           7
         108           7
         109           7
         118           7
         122           7
         123           7
          14           8
          20           8
          32           8
          33           8
          37           8
          47           8
          48           8
          49           8
          54           8
          55           8
          68           8
          80           8
          82           8
         118           8
          17           9
          21           9
          29           9
          31           9
          32           9
          35           9
          36           9
          64           9
          79           9
          89           9
          93           9
         108           9
         112           9
         118           9
           1          10
          12          10
          17          10
          27          10
          29          10
          33          10
          38          10
          43          10
          44          10
          56          10
          66          10
          71          10
          76          10
          80          10
           8          11
          16          11
          27          11
          39          11
          40          11
          41          11
          45          11
          49          11
          50          11
          52          11
          53          11
          55          11
          56          11
          60          11
         117          11
         118          11
         123          11
         125          11
           4          12
          16          12
          41          12
          51          12
          53          12
          59          12
          60          12
          69          12
          75          12
          87          12
          88          12
          90          12
          94          12
         112          12
         113          12
         116          12
         126          12
          19          13
          52          13
          64          13
          72          13
          75          13
         110          13
         112          13
          11          14
          15          14
          21          14
          31          14
          35          14
          36          14
          58          14
          81          14
          84          14
         106          14
         108          14
         110          14
         111          14
         121          14
         126          14
           5          15
          12          15
          21          15
          25          15
          31          15
          35          15
          36          15
          47          15
          48          15
          51          15
          53          15
          71          15
          81          15
          82          15
          83          15
          84          15
          87          15
          88          15
         109          15
         110          15
         115          15
         118          15
         121          15
          31          16
          33          16
          35          16
          46          16
          50          16
          52          16
          53          16
          83          16
          87          16
          88          16
          89          16
         110          16
         115          16
         121          16
           7          17
          19          17
          20          17
          21          17
          32          17
          33          17
          34          17
          35          17
          40          17
          51          17
          67          17
          69          17
          85          17
         109          17
         112          17
         116          17
         118          17
         119          17
         120          17
         128          17
           4          18
           6          18
          22          18
          23          18
          33          18
          48          18
          55          18
          59          18
          62          18
          75          18
          81          18
         106          18
         107          18
         108          18
         110          18
         113          18
          14          19
          22          19
          26          19
          27          19
          52          19
          53          19
          54          19
          57          19
          59          19
          60          19
          61          19
          62          19
          65          19
          71          19
          79          19
          84          19
          85          19
          89          19
          91          19
         100          19
         115          19
         116          19
         122          19
           4          20
          18          20
          19          20
          28          20
          31          20
          33          20
          36          20
          53          20
          57          20
          58          20
          59          20
          65          20
          81          20
          84          20
          85          20
          86          20
          87          20
          91          20
          93          20
          97          20
          99          20
         107          20
         109          20
         110          20
         114          20
         115          20
           2          21
           3          21
          21          21
          24          21
          29          21
          30          21
          37          21
          38          21
          55          21
          58          21
          60          21
          63          21
          69          21
          86          21
          98          21
          99          21
         109          21
         114          21
          25          22
          30          22
          32          22
          45          22
          74          22
          77          22
          93          22
         103          22
         109          22
         110          22
         115          22
         121          22
         122          22
          18          23
          22          23
          24          23
          32          23
          42          23
          90          23
          93          23
          96          23
         100          23
         101          23
         109          23
         112          23
         116          23
         117          23
         122          23
           4          24
          21          24
          22          24
          25          24
          29          24
          31          24
          32          24
          37          24
          38          24
          86          24
          91          24
          93          24
          95          24
         100          24
         122          24
         123          24
         128          24
           9          25
          10          25
          15          25
          17          25
          21          25
          30          25
          31          25
          34          25
          42          25
          61          25
          62          25
          73          25
          74          25
          95          25
          98          25
         122          25
         124          25
         128          25
          15          26
          22          26
          23          26
          29          26
          30          26
          31          26
          60          26
          62          26
          68          26
          71          26
          79          26
          99          26
         118          26
         121          26
         122          26
          18          27
          21          27
          23          27
          25          27
          29          27
          36          27
          37          27
          50          27
          51          27
          72          27
          99          27
         104          27
         117          27
         118          27
         120          27
         126          27
           4          28
          10          28
          11          28
          14          28
          23          28
          43          28
          50          28
         118          28
         119          28
         123          28
         128          28
           8          29
          16          29
          23          29
          50          29
          91          29
         103          29
         104          29
         121          29
         122          29
         125          29
         128          29
           9          30
          14          30
          16          30
          17          30
          22          30
          23          30
          50          30
          51          30
          68          30
          71          30
          80          30
          96          30
          97          30
          98          30
         105          30
         107          30
         114          30
         118          30
         121          30
         124          30
         128          30
           5          31
           6          31
           8          31
          10          31
          11          31
          14          31
          85          31
          90          31
          96          31
         107          31
         108          31
           8          32
          49          32
          98          32
         107          32
         108          32
           1          33
           2          33
           4          33
           5          33
          10          33
          31          33
          32          33
          42          33
          43          33
          44          33
          57          33
          66          33
          69          33
          70          33
          71          33
          74          33
          88          33
         105          33
         106          33
         107          33
         110          33
         111          33
         119          33
           6          34
           7          34
          30          34
          31          34
          33          34
          34          34
          41          34
          68          34
          74          34
          81          34
          82          34
          84          34
          93          34
         105          34
         106          34
         118          34
         128          34
           5          35
           6          35
          21          35
          28          35
          39          35
          41          35
          58          35
          61          35
          65          35
          66          35
          67          35
          78          35
          80          35
          88          35
         106          35
         118          35
         125          35
          41          36
          46          36
          48          36
          57          36
          70          36
          74          36
          75          36
          79          36
          87          36
          88          36
         102          36
         114          36
         116          36
           8          37
          24          37
          25          37
          28          37
          34          37
          40          37
          41          37
          42          37
          43          37
          45          37
          64          37
          66          37
          70          37
          74          37
          92          37
          97          37
         103          37
         106          37
         119          37
           3          38
           8          38
          12          38
          25          38
          37          38
          44          38
          49          38
          63          38
          70          38
          71          38
          72          38
          87          38
          93          38
         105          38
         115          38
         116          38
         120          38
         125          38
           1          39
           9          39
          22          39
          41          39
          43          39
          44          39
          63          39
          66          39
          67          39
          87          39
          88          39
         104          39
         114          39
         123          39
         127          39
         128          39
           3          40
          10          40
          22          40
          43          40
          44          40
          57          40
          61          40
          63          40
          64          40
          66          40
          70          40
          73          40
          78          40
          80          40
         105          40
         114          40
         124          40
         127          40
           2          41
          67          41
          68          41
          77          41
          79          41
          84          41
          85          41
          92          41
         106          41
         108          41
         111          41
          32          42
          37          42
          44          42
          45          42
          56          42
          67          42
          80          42
          84          42
          92          42
         107          42
         109          42
         110          42
         111          42
         113          42
         117          42
           4          43
          13          43
          37          43
          38          43
          41          43
          47          43
          78          43
          91          43
         115          43
         128          43
           4          44
           5          44
          13          44
          25          44
          39          44
          42          44
          46          44
          67          44
          76          44
          83          44
          84          44
          88          44
          93          44
         111          44
         115          44
         118          44
         121          44
          39          45
          40          45
          41          45
          69          45
          75          45
          81          45
          84          45
          89          45
          97          45
          99          45
         106          45
         110          45
         119          45
          15          46
          17          46
          23          46
          38          46
          40          46
          41          46
          55          46
          58          46
          69          46
          85          46
          87          46
         116          46
         127          46
         128          46
           5          47
           8          47
           9          47
          10          47
          27          47
          34          47
          38          47
          72          47
          79          47
          80          47
         108          47
         118          47
         128          47
          27          48
          47          48
          71          48
          74          48
          79          48
          81          48
          92          48
         114          48
         115          48
          19          49
          20          49
          41          49
          43          49
          56          49
          57          49
          58          49
          66          49
          79          49
          80          49
          81          49
          96          49
          97          49
         122          49
         127          49
          37          50
          43          50
          45          50
          48          50
          51          50
          57          50
          58          50
          59          50
          76          50
          94          50
          96          50
         114          50
         124          50
         127          50
         128          50
           5          51
          20          51
          31          51
          58          51
          64          51
          68          51
          71          51
          75          51
          80          51
          81          51
          82          51
          91          51
          92          51
          94          51
         119          51
         120          51
         125          51
         127          51
         128          51
           1          52
           6          52
          13          52
          26          52
          43          52
          63          52
          67          52
          82          52
          92          52
          94          52
          99          52
         102          52
         113          52
         120          52
         126          52
         127          52
           4          53
           5          53
           7          53
          18          53
          21          53
          26          53
          31          53
          34          53
          65          53
          67          53
          70          53
          80          53
          82          53
          83          53
          90          53
          94          53
         106          53
         118          53
         119          53
         121          53
          21          54
          24          54
          27          54
          40          54
          51          54
          61          54
          73          54
          81          54
          82          54
         113          54
         114          54
         119          54
         127          54
          19          55
          20          55
          22          55
          29          55
          37          55
          81          55
          90          55
          91          55
          92          55
          93          55
          94          55
         119          55
           8          56
          15          56
          17          56
          18          56
          24          56
          29          56
          38          56
          57          56
          58          56
          83          56
         101          56
         104          56
         110          56
         116          56
          11          57
          14          57
          23          57
          64          57
          83          57
          84          57
          92          57
         101          57
         114          57
           4          58
           8          58
          22          58
          27          58
          37          58
          39          58
          64          58
          79          58
          92          58
          96          58
         108          58
         110          58
         118          58
         126          58
         127          58
         128          58
           5          59
           6          59
          13          59
          15          59
          22          59
          29          59
          30          59
          47          59
          65          59
          79          59
          87          59
          91          59
          93          59
         107          59
         110          59
         112          59
         113          59
         114          59
         116          59
         124          59
           8          60
           9          60
          21          60
          28          60
          37          60
          53          60
          54          60
          76          60
          80          60
          82          60
          90          60
         114          60
         117          60
         123          60
           5          61
           7          61
          12          61
          13          61
          14          61
          16          61
          23          61
          27          61
          31          61
          33          61
          42          61
          68          61
          76          61
          79          61
          80          61
         102          61
         104          61
         105          61
           5          62
          11          62
          12          62
          28          62
          31          62
          32          62
          39          62
          43          62
          44          62
          70          62
          81          62
          87          62
          88          62
          89          62
          98          62
         114          62
         118          62
         119          62
           7          63
          21          63
          22          63
          28          63
          39          63
          49          63
          63          63
          64          63
          81          63
          87          63
          90          63
          91          63
         112          63
           1          64
           6          64
          14          64
          16          64
          22          64
          29          64
          44          64
          46          64
          49          64
          50          64
          59          64
          60          64
          66          64
          67          64
          73          64
          86          64
          87          64
          89          64
         100          64
         106          64
         112          64
         113          64
         115          64
         118          64
         124          64
           1          65
           4          65
          16          65
          17          65
          33          65
          35          65
          46          65
          50          65
          51          65
          55          65
          59          65
          82          65
          88          65
          89          65
         101          65
         106          65
         109          65
         112          65
         114          65
         115          65
         119          65
         125          65
           4          66
           5          66
          22          66
          43          66
          46          66
          67          66
          74          66
          88          66
          92          66
          96          66
         103          66
         115          66
         118          66
         122          66
           7          67
          12          67
          16          67
          26          67
          28          67
          32          67
          48          67
          65          67
          73          67
         102          67
         103          67
         112          67
         115          67
         117          67
         123          67
          21          68
          34          68
          43          68
          45          68
          48          68
          68          68
          77          68
          90          68
          93          68
         102          68
         105          68
         115          68
         121          68
          15          69
          20          69
          21          69
          22          69
          35          69
          41          69
          42          69
          61          69
          63          69
          65          69
          67          69
          69          69
          77          69
          80          69
          82          69
         123          69
           5          70
           6          70
          29          70
          34          70
          39          70
          49          70
          51          70
          57          70
          60          70
          67          70
          68          70
          89          70
          90          70
         105          70
         107          70
         108          70
         110          70
         111          70
         112          70
         114          70
         122          70
         128          70
          11          71
          22          71
          29          71
          33          71
          36          71
          39          71
          42          71
          48          71
          57          71
          59          71
          60          71
          61          71
          67          71
          68          71
          89          71
          92          71
         102          71
         103          71
         109          71
         111          71
         114          71
         115          71
         122          71
          11          72
          15          72
          21          72
          24          72
          31          72
          32          72
          38          72
          40          72
          41          72
          47          72
          51          72
          62          72
          64          72
          70          72
          87          72
         108          72
         113          72
         114          72
         115          72
         117          72
          11          73
          21          73
          22          73
          23          73
          32          73
          33          73
          36          73
          38          73
          40          73
          45          73
          50          73
          52          73
          53          73
          75          73
          78          73
          79          73
          83          73
          90          73
          99          73
         102          73
         108          73
         114          73
         117          73
         127          73
          20          74
          33          74
          39          74
          45          74
          46          74
          53          74
          54          74
          84          74
          85          74
          91          74
          93          74
          99          74
           2          75
          11          75
          38          75
          39          75
          40          75
          51          75
          53          75
          59          75
          61          75
          63          75
          64          75
          89          75
          91          75
          92          75
         116          75
         123          75
         125          75
          20          76
          21          76
          24          76
          26          76
          27          76
          42          76
          43          76
          44          76
          47          76
          51          76
          56          76
          58          76
          62          76
          63          76
          64          76
          73          76
          77          76
          79          76
          91          76
         100          76
         116          76
         117          76
         120          76
         125          76
         126          76
          21          77
          25          77
          32          77
          43          77
          44          77
          46          77
          54          77
          59          77
          63          77
          67          77
          73          77
          75          77
          91          77
          92          77
         103          77
         104          77
         115          77
         128          77
           8          78
          12          78
          45          78
          46          78
          59          78
          70          78
          76          78
          83          78
          88          78
          91          78
         100          78
         104          78
         114          78
         117          78
           4          79
          12          79
          16          79
          17          79
          59          79
          64          79
          68          79
          75          79
          76          79
         100          79
           6          80
          11          80
          12          80
          18          80
          57          80
          69          80
          70          80
          77          80
          83          80
         107          80
         117          80
         120          80
           4          81
           8          81
          46          81
          57          81
          60          81
          70          81
          71          81
          72          81
          77          81
          80          81
          90          81
          95          81
         106          81
         108          81
         110          81
         117          81
           6          82
           9          82
          10          82
          23          82
          24          82
          25          82
          38          82
          39          82
          49          82
          60          82
          61          82
          84          82
         102          82
         118          82
         120          82
         125          82
         126          82
           5          83
          13          83
          25          83
          30          83
          31          83
          37          83
          39          83
          41          83
          49          83
          50          83
          60          83
          62          83
          83          83
          87          83
          88          83
         105          83
         119          83
         125          83
         126          83
           2          84
           9          84
          13          84
          18          84
          30          84
          36          84
          37          84
          38          84
          40          84
          44          84
          48          84
          50          84
          61          84
          62          84
          72          84
          87          84
          89          84
         116          84
         125          84
         126          84
           2          85
           6          85
           7          85
          10          85
          12          85
          45          85
          51          85
          85          85
          86          85
          93          85
          94          85
          98          85
         109          85
         111          85
           2          86
           9          86
          14          86
          26          86
          49          86
          58          86
          69          86
          74          86
          75          86
          83          86
          84          86
          88          86
         112          86
           8          87
           9          87
          13          87
          17          87
          48          87
          53          87
          54          87
          69          87
          71          87
          74          87
          84          87
          92          87
          93          87
         107          87
         111          87
         113          87
         124          87
         125          87
          12          88
          13          88
          49          88
          57          88
          68          88
          70          88
          72          88
          73          88
          89          88
          90          88
          91          88
          93          88
          94          88
          97          88
          98          88
         103          88
         121          88
         123          88
         124          88
           2          89
           8          89
          12          89
          17          89
          23          89
          24          89
          25          89
          33          89
          39          89
          48          89
          55          89
          59          89
          61          89
          62          89
          72          89
          74          89
          82          89
          83          89
          92          89
         102          89
         109          89
         116          89
         121          89
         125          89
         126          89
          11          90
          17          90
          18          90
          24          90
          34          90
          47          90
          48          90
          77          90
          81          90
         106          90
         109          90
         113          90
         114          90
         116          90
         117          90
         128          90
          17          91
          20          91
          28          91
          32          91
          48          91
          52          91
          58          91
          62          91
          63          91
          71          91
          73          91
          84          91
          98          91
         101          91
         114          91
         116          91
         128          91
           2          92
           3          92
          23          92
          28          92
          52          92
          56          92
          58          92
          63          92
          79          92
          81          92
          84          92
         102          92
           3          93
          15          93
          28          93
          36          93
          39          93
          49          93
          64          93
          65          93
          69          93
          79          93
          80          93
          95          93
          96          93
         101          93
         122          93
         123          93
          50          94
          51          94
          54          94
          74          94
          79          94
          95          94
         101          94
           3          95
          14          95
          19          95
          36          95
          54          95
          96          95
          97          95
         102          95
         106          95
           4          96
           5          96
          12          96
          14          96
          19          96
          24          96
          51          96
          52          96
          66          96
          97          96
         103          96
         105          96
         106          96
         121          96
          14          97
          23          97
          24          97
          25          97
          29          97
          48          97
          50          97
          51          97
          52          97
          69          97
          70          97
         106          97
           5          98
          14          98
          24          98
          25          98
          27          98
          36          98
          41          98
          44          98
          46          98
          49          98
          53          98
          54          98
          72          98
         106          98
         109          98
         110          98
         115          98
          14          99
          20          99
          30          99
          37          99
          47          99
          52          99
          54          99
          91          99
          92          99
         103          99
         113          99
           1         100
           2         100
          14         100
          16         100
          28         100
          41         100
          42         100
          46         100
          53         100
          69         100
          84         100
          86         100
          90         100
          91         100
         106         100
         117         100
         118         100
         122         100
           1         101
           2         101
          12         101
          13         101
          14         101
          16         101
          29         101
          38         101
          39         101
          41         101
          65         101
          69         101
          73         101
          76         101
          77         101
          82         101
          93         101
         106         101
         109         101
           8         102
          36         102
          37         102
          38         102
          43         102
          49         102
          72         102
          75         102
          77         102
          78         102
          85         102
         104         102
          15         103
          17         103
          18         103
          25         103
          26         103
          35         103
          38         103
          39         103
          46         103
          50         103
          53         103
          54         103
          70         103
          71         103
          73         103
          78         103
          79         103
          90         103
         105         103
         106         103
         114         103
         115         103
           5         104
          11         104
          15         104
          20         104
          29         104
          31         104
          34         104
          38         104
          50         104
          52         104
          53         104
          67         104
          77         104
          78         104
          97         104
          99         104
         103         104
         108         104
         109         104
         110         104
         111         104
         123         104
          12         105
          13         105
          15         105
          17         105
          30         105
          33         105
          34         105
          41         105
          44         105
          57         105
          66         105
          76         105
          77         105
          83         105
          85         105
          89         105
          90         105
         105         105
         106         105
         107         105
         117         105
         118         105
           8         106
           9         106
          14         106
          24         106
          25         106
          26         106
          57         106
          63         106
          69         106
          75         106
          84         106
          85         106
          90         106
         107         106
         117         106
         118         106
         119         106
         122         106
          42         107
          64         107
          73         107
          78         107
          80         107
          92         107
          94         107
         105         107
         125         107
          18         108
          22         108
          24         108
          50         108
          53         108
          55         108
          56         108
          63         108
          71         108
          72         108
          79         108
          80         108
          87         108
          88         108
          90         108
          93         108
          94         108
          95         108
         108         108
         109         108
         110         108
         113         108
          12         109
          16         109
          17         109
          23         109
          32         109
          45         109
          48         109
          49         109
          51         109
          80         109
          85         109
          87         109
         108         109
         110         109
          16         110
          18         110
          26         110
          32         110
          48         110
          71         110
          85         110
          86         110
         101         110
         116         110
         119         110
         127         110
           1         111
          14         111
          23         111
          25         111
          30         111
          36         111
          46         111
          48         111
          52         111
          55         111
          56         111
          61         111
          62         111
          79         111
         112         111
         127         111
         128         111
          21         112
          35         112
          48         112
          49         112
          52         112
          53         112
          54         112
          59         112
          60         112
          62         112
          64         112
          72         112
          97         112
         103         112
         112         112
         127         112
           9         113
          10         113
          14         113
          23         113
          26         113
          27         113
          28         113
          29         113
          31         113
          52         113
          53         113
          54         113
          55         113
          64         113
          65         113
          70         113
          89         113
         102         113
         103         113
         112         113
         127         113
           2         114
           8         114
           9         114
          10         114
          14         114
          27         114
          31         114
          36         114
          40         114
          46         114
          52         114
          55         114
          69         114
          74         114
          81         114
          99         114
         101         114
         110         114
         123         114
         124         114
          10         115
          13         115
          36         115
          51         115
          63         115
          69         115
          82         115
          83         115
          85         115
         101         115
         103         115
         104         115
         105         115
         125         115
           2         116
           9         116
          19         116
          20         116
          23         116
          43         116
          44         116
          52         116
          54         116
          57         116
          62         116
          63         116
          64         116
          66         116
          68         116
          83         116
         111         116
         120         116
         126         116
          10         117
          17         117
          19         117
          22         117
          24         117
          25         117
          32         117
          43         117
          47         117
          57         117
          77         117
          83         117
          84         117
          88         117
         111         117
         118         117
         120         117
         128         117
          26         118
          32         118
          34         118
          35         118
          42         118
          44         118
          51         118
          52         118
          54         118
          63         118
          68         118
          83         118
          84         118
          85         118
          89         118
          92         118
         103         118
         107         118
         108         118
         109         118
         111         118
         112         118
         113         118
         119         118
         123         118
          17         119
          34         119
          35         119
          44         119
          49         119
          50         119
          52         119
          54         119
          55         119
          63         119
          74         119
          75         119
          78         119
          85         119
          91         119
         107         119
         109         119
         112         119
         119         119
           6         120
           7         120
          17         120
          19         120
          28         120
          29         120
          34         120
          35         120
          55         120
          56         120
          74         120
          75         120
          76         120
          82         120
         103         120
         104         120
         121         120
           4         121
          15         121
          17         121
          18         121
          19         121
          28         121
          29         121
          34         121
          48         121
          63         121
          72         121
          77         121
          85         121
          93         121
          97         121
         115         121
           4         122
           5         122
          10         122
          18         122
          32         122
          33         122
          82         122
          86         122
          87         122
          88         122
          94         122
         110         122
         116         122
         117         122
           6         123
           7         123
           8         123
          11         123
          26         123
          27         123
          47         123
          49         123
          74         123
          95         123
         106         123
         111         123
          21         124
          22         124
          27         124
          34         124
          36         124
          37         124
          42         124
          43         124
          46         124
          50         124
          51         124
          53         124
          65         124
          66         124
          67         124
          75         124
          77         124
          78         124
          79         124
          94         124
          95         124
          96         124
         101         124
         102         124
         105         124
         107         124
         111         124
         114         124
         118         124
         122         124
           8         125
          18         125
          24         125
          30         125
          36         125
          37         125
          43         125
          44         125
          52         125
          62         125
          65         125
          72         125
          74         125
          91         125
          92         125
         103         125
         108         125
         110         125
         114         125
         118         125
           7         126
          31         126
          34         126
          35         126
          44         126
          46         126
          53         126
          58         126
          96         126
         100         126
         108         126
         109         126
         120         126
         122         126
         127         126
           4         127
           7         127
          14         127
          17         127
          18         127
          21         127
          31         127
          34         127
          46         127
          47         127
          49         127
          57         127
          74         127
          77         127
          81         127
          85         127
          86         127
          87         127
          96         127
          97         127
           3         128
           6         128
          16         128
          22         128
          36         128
          47         128
          84         128
          87         128
          88         128
          89         128
         105         128
         115         128
         121         128
